1 0.071034 0.018980 0.060460 0.016009 0.059533 0.044543 0.060242 0.092835 0.071252 0.115619 0.100576 0.113466 0.127366 0.106217 0.150885 0.095724 0.154510 0.077274 0.128729 0.068362
1 0.242382 0.275450 0.218209 0.263731 0.187740 0.261987 0.149095 0.261278 0.137349 0.277140 0.137731 0.309789 0.135196 0.342710 0.169481 0.359062 0.197524 0.363204 0.227420 0.359280 0.255436 0.351050 0.270889 0.335461 0.274186 0.304856
1 0.471290 0.217434 0.395853 0.213182 0.361760 0.213019 0.350750 0.219042 0.364785 0.248993 0.393537 0.268042 0.425532 0.278480 0.447961 0.284258 0.468101 0.269569 0.483363 0.237928
1 0.639920 0.211367 0.607325 0.190082 0.566228 0.191118 0.538266 0.210004 0.522051 0.244970 0.534369 0.295360 0.565928 0.315473 0.601602 0.318444 0.628446 0.312285 0.654091 0.276229 0.656462 0.242735
1 0.744263 0.221142 0.733989 0.210622 0.718428 0.219043 0.715239 0.255508 0.730882 0.275348 0.755492 0.282870 0.779175 0.283033 0.796480 0.277528 0.808335 0.256952 0.808499 0.241772 0.768955 0.240382
1 0.708517 0.373076 0.684616 0.350974 0.648070 0.348521 0.625532 0.353372 0.621280 0.367571 0.631854 0.398339 0.657963 0.422077 0.675568 0.429680 0.703284 0.408532 0.721244 0.383268
1 0.775681 0.637209 0.728996 0.628025 0.655877 0.626635 0.636909 0.644759 0.635410 0.679206 0.669776 0.739353 0.699100 0.771566 0.749954 0.783966 0.784620 0.788736 0.822501 0.785983 0.848991 0.772248 0.863104 0.745233 0.863213 0.708306 0.853511 0.680807
1 0.978910 0.536999 0.912740 0.545692 0.880445 0.537871 0.862648 0.533674 0.883497 0.583628 0.918681 0.602378 0.947760 0.603741 0.981144 0.577960 0.991555 0.547137
1 0.833768 0.080037 0.849929 0.132662 0.879744 0.177466 0.908414 0.194281 0.948530 0.189784 0.976764 0.167410 1.000000 0.119417 1.000000 0.087738 0.993934 0.055307 0.964556 0.043124 0.913238 0.036747 0.861921 0.046585
1 0.485919 0.570275 0.465289 0.536971 0.430978 0.507593 0.392115 0.492549 0.379878 0.505140 0.364535 0.540978 0.378516 0.576788 0.396966 0.594475 0.427298 0.595838 0.465998 0.595756 0.484097 0.584981
1 0.208508 0.653880 0.176595 0.643306 0.146753 0.633250 0.124024 0.606297 0.103993 0.593488 0.079002 0.599783 0.059680 0.616871 0.035642 0.651128 0.025941 0.679798 0.032672 0.707868 0.044827 0.719969 0.079084 0.729071 0.106091 0.727627 0.142610 0.727790 0.173461 0.720187 0.201888 0.704169 0.217963 0.676821
